82301
92419
15889
104021
256337
341333
175699
260761
270539
94111
150893
376529
200881
378869
63299
240473
261587
283607
22619
310111
174259
93113
251233
81971
159233
359633
68521
203579
119027
14369
197599
98081
248441
125639
80489
330557
96769
106979
135197
89237
47287
370897
175061
134353
266711
361643
81049
354463
382493
120427
152381
317969
320213
6101
264977
11
182561
35107
235997
119851
340129
85717
240943
4649
263899
133271
102793
295903
340859
179909
201203
94433
160033
128873
134161
111773
45569
166703
178231
350719
56383
51157
146117
18401
90947
183577
280507
39293
101839
200987
342733
306517
346667
200899
384107
174061
67043
12101
121687
368801
9239
44189
59999
142841
336101
368653
365983
192587
345773
227951
384143
273001
56393
250433
320939
102337
224501
150833
359701
151579
245981
379451
7499
21499
94651
189887
23201
152599
52567
219451
347177
25667
339307
366167
135623
215689
328921
277051
158771
186103
266023
181199
261467
283181
20857
342413
364291
38219
130687
183523
117307
380623
218363
253387
173779
10091
201101
297377
105691
338773
279583
307733
344629
234967
98873
254773
51907
15173
373273
79967
185131
207343
359633
81883
168143
245593
31147
129169
123007
343379
269617
187927
346793
56039
81343
156041
34981
135467
354877
380837
383657
55103
88177
384889
246187
327571
272059
34259
152197
106657
354587
189947
69493
286771
226183
1811
18773
143141
244747
51977
28019
290033
169373
85021
185831
234259
350443
215077
59951
212281
88721
303287
124633
331663
59651
380843
356453
301333
120851
12569
1051
45673
228131
61169
1583
366881
150919
380383
52369
72089
99877
335171
225133
245593
30241
194309
356351
101603
22157
380047
127081
330037
20903
359267
189349
328127
44263
48497
322433
87223
366419
113227
228523
231067
26417
124909
291677
294673
266689
142031
118373
226451
263867
242551
283763
95231
276401
73561
318107
130699
119101
7213
271067
92723
190717
42071
188701
103141
349813
137633
372833
320219
1249
314603
345727
32717
193793
257539
297263
243889
171481
185027
24137
137911
286763
48409
293467
34687
55103
66083
311687
123377
177283
235369
280957
223319
160753
52457
98993
229897
158657
42187
83089
355811
228521
162493
140629
72307
105437
131899
273929
295433
129631
220147
293599
231017
172219
208277
118691
152443
320767
138427
131627
2609
162641
89891
111187
163393
113417
313741
250949
199499
314213
120157
13697
251179
206933
43159
199783
332903
351851
41609
259421
42923
263267
379189
272009
251887
7591
234383
185189
94613
326203
280591
342373
141311
110503
344167
277099
63067
101987
368021
150881
21247
109037
187067
45361
5741
92569
321109
263401
90619
9661
70313
57259
172999
159491
3313
40697
59791
279641
222779
286469
177691
372269
82189
257381
325463
115133
16553
260671
372443
49603
149173
64451
172597
109639
249971
263927
258677
312937
210209
39451
333779
173099
140423
23063
124429
72901
20483
29837
19973
34213
92671
373459
254407
214219
344083
372871
383627
340387
297421
105239
266681
122557
33911
201847
114229
140381
129517
110321
62219
370103
123493
376729
163021
77323
487
264829
26203
104231
206249
240139
193663
290987
368647
150083
82171
293717
284521
322249
266477
202549
247633
21773
45389
383839
367201
370687
167317
94007
259387
374531
302173
24113
81667
113957
12487
150473
332009
295111
294059
234331
359483
261523
17293
190909
187003
307259
123017
93103
339653
122921
62143
9497
305377
352633
283771
322139
349553
303749
3181
315857
90533
16741
213713
79153
115931
50129
371179
121327
133963
149197
109229
303767
246907
24967
147629
113717
113621
78049
370441
161947
143617
146021
338959
66923
322999
55103
312283
114941
375119
122753
132371
29201
78791
133733
137477
42641
281159
120011
308311
161881
156139
48221
128831
16477
84389
193937
239587
99257
106783
63533
307759
122533
158357
328411
199403
24677
372901
202129
143729
189463
50287
302711
81553
88223
95633
45827
322969
45949
236723
253789
170921
118589
173743
347563
133781
104707
77491
257311
23063
253501
347981
221747
149411
246661
55609
159787
61949
326101
330383
68633
119689
48751
186917
80173
212801
249211
227153
371257
129499
97397
62873
328621
34589
291349
173981
8623
214639
31657
57047
30637
110821
353471
31567
292801
26261
277691
299087
308527
37277
328813
295433
251387
86243
225371
41729
249533
236087
314159
379189
327343
44633
78901
229813
177347
54851
247001
361409
91283
383011
249671
254027
72379
89227
219629
141587
155921
341777
214831
193597
187871
353813
219517
172829
346831
197963
362693
38219
431
363397
137707
244423
86861
42863
114467
57947
21751
131059
26821
339841
290623
139021
336527
133583
142381
22861
157057
319993
267901
263183
328709
244997
5167
167449
264559
87313
86753
137491
324251
233341
12347
109321
56543
159569
381371
33301
204101
43633
6619
273719
93503
341017
29453
127643
89591
356999
352459
71437
120223
385837
46811
51241
340619
167611
256877
342569
439
363683
176159
286019
258563
317453
187651
320293
47869
255313
99833
217363
207869
307399
247813
191953
223679
12343
70537
87107
937
7331
362053
145709
126107
375281
249943
255859
239333
94933
301577
238181
158699
346469
289577
140689
173081
362381
12919
343631
158749
81463
308017
344639
245683
196379
74561
117319
231493
374333
176503
69493
362717
139343
200029
252767
258241
141851
236699
177319
284387
162011
190357
147311
49043
7211
250027
315961
337691
64019
52301
44357
118747
188261
221497
42451
302123
258967
315467
1931
8431
315703
263047
43801
213611
297161
270437
108877
262111
159569
303689
205151
184949
132371
368047
67733
143257
275741
58699
128983
77719
327799
104491
182309
95257
158699
36067
55163
218287
252893
190921
250703
251287
107741
10939
278753
21433
381761
123803
343177
346501
305029
111263
246941
324301
168851
26573
97613
233069
378883
253493
29137
183343
81569
308701
68449
325849
173543
73121
248117
110477
356387
86137
280297
207797
234863
26687
180883
75659
311609
81533
97103
377801
264211
288049
122963
134291
59053
309559
70001
148763
86243
371447
338389
120223
251003
362459
281893
312397
230137
59369
19333
345707
348911
331609
352399
333679
200723
321619
250777
185363
41077
27211
227267
283573
347591
31583
367229
123787
384247
363463
309367
186113
209021
77893
137941
12101
188609
323003
349397
26501
139547
253349
216523
356933
38047
40751
55697
352459
118399
267401
104849
13921
302167
183511
108007
71059
262193
268517
215273
254627
150131
61631
71917
309437
171671
27481
11779
202231
56611
218171
284803
268271
324449
300683
80209
237409
27059
260419
285473
59077
310781
181927
72167
229309
275719
1847
23059
182341
347161
138197
43913
359167
1861
51907
307381
134837
14831
201101
15541
174169
19373
46027
231241
356387
213821
3571
303157
356969
131707
45667
72551
