78653
45127
383723
41843
342143
298817
341281
269923
314813
75553
335821
319601
107713
378713
299053
68531
10837
370439
154493
106121
102023
203767
139537
230003
155081
323899
192121
292133
196993
72551
100169
43499
273187
25679
217219
364997
363967
44753
91733
156749
263411
291191
356959
4217
232451
2801
70241
14281
90373
293861
65587
88607
3823
255349
37013
91733
227593
67807
373999
112163
28289
169583
85469
277213
202841
175949
160387
24043
289987
12451
143833
233341
346079
34259
102587
47087
125063
378179
101159
170207
18049
372299
223969
1493
64109
349927
24019
212897
251887
109843
369637
287251
133241
112601
3467
40253
159209
142019
241867
189151
